0.9132
0.6095
0.7380
0.6522
0.3698
0.0000
0.6095
0.7831
0.6095
0.3188
0.6095
0.0000
0.6095
0.6095
0.6095
0.6522
0.6095
0.6095
0.6529
0.0000
0.6095
0.6095
0.0000
0.6095
0.9130
0.6095
0.6095
0.6095
0.7831
0.9566
0.0000
0.6095
-0.1905
0.6529
1.0000
0.7064
0.9566
0.9566
0.6095
-0.0571
0.1522
0.5321
0.6095
0.5362
0.6095
0.5321
0.6095
0.6095
0.5000
0.1095
0.7812
0.5000
0.6095
0.1095
0.7831
0.0000
0.0000
0.9565
0.6095
0.1095
1.0000
0.9560
1.0000
0.8261
0.6095
0.6950
0.0000
0.6095
-0.0571
0.0000
0.0000
0.6950
0.6522
0.5380
0.6095
0.8261
0.9565
-0.0571
0.1095
0.0000
0.6095
0.5000
0.6095
0.6522
1.0000
0.1095
0.3188
0.6095
0.1095
0.3188
0.8257
0.9130
0.6095
0.9566
0.7831
0.6095
0.1095
0.0000
0.6522
-0.2238
0.6193
0.6095
0.3188
0.0000
0.8696
1.0000
0.6095
0.6095
0.6095
0.0000
0.6095
0.0000
0.0000
1.0000
0.6095
0.0000
0.6095
0.9130
