0.1915
0.4043
0.3617
0.1915
0.8298
0.0000
0.1915
-0.3085
0.6588
-0.3932
0.0000
-0.4765
0.1915
-0.3085
-0.0022
0.5717
-0.0838
0.6943
0.1915
0.3298
0.1915
-0.3085
-0.5585
0.1915
-0.4343
0.1915
0.0000
0.2735
0.2324
0.1915
0.3147
0.1915
0.0000
0.7447
-0.5585
0.9147
0.5745
-0.2676
-0.4752
1.0000
-0.5585
0.1170
0.0000
0.3617
0.6162
-0.1265
-0.4752
-0.1538
0.0000
-0.4752
-0.3085
0.1915
0.6240
0.9149
0.9574
0.0000
-0.4343
0.9574
0.0000
0.8723
1.0000
-0.4752
1.0000
1.0000
0.2441
0.8723
0.1915
-0.3085
0.2041
0.1915
0.6170
0.1915
0.5000
0.1915
0.2074
0.9574
0.3298
0.5745
0.0235
0.1067
0.2735
0.0000
0.0000
0.5758
0.1201
0.8298
0.2324
0.0000
0.2872
0.0000
0.9145
-0.3085
0.1915
0.1896
0.9149
0.0235
0.8723
0.0000
0.2735
0.0000
0.0000
-0.3085
0.0000
0.0000
0.0000
-0.6835
0.0000
0.1588
0.0000
0.0000
0.6667
0.0000
0.1915
0.0000
0.0000
-0.3085
-0.5585
0.0000
0.2324
0.0000
0.7572
0.0000
0.1915
0.2324
-0.4752
0.0000
0.0000
0.0000
0.7872
0.2872
0.5814
0.0000
0.2482
1.0000
0.4883
0.0000
0.4147
0.0000
0.2735
0.8298
