0.6170
0.6170
0.6170
0.6170
0.8298
0.0000
0.6170
0.1170
0.6588
0.0342
0.0000
-0.1745
0.6170
0.0000
-0.2830
0.7430
0.0588
0.5290
0.6170
0.3298
0.0000
0.1170
-0.1330
0.6170
-0.0078
0.6170
0.0000
0.3255
0.6588
0.6170
0.3147
0.6170
0.0000
0.7447
0.0000
0.9147
0.6170
-0.1330
-0.0496
1.0000
-0.1330
0.1170
0.0000
0.6170
0.6588
0.0588
0.0000
-0.0684
0.0000
-0.0496
0.1170
0.0000
0.6240
0.9149
0.9574
0.0000
-0.0078
0.9574
0.0000
0.8723
1.0000
-0.0496
1.0000
1.0000
0.2441
0.8723
0.6170
0.1170
0.2041
0.6170
0.6170
0.0000
0.5000
0.6170
0.2074
0.9574
0.3298
0.6170
0.4509
0.1067
0.7009
0.0000
0.0000
0.4097
0.1201
0.8298
0.6588
0.0000
0.2872
0.0000
0.9145
0.0000
0.6170
0.6187
0.9149
0.1588
0.8723
0.0000
0.3255
0.0000
0.0000
0.1170
0.0000
0.0000
0.0000
-0.2580
0.0000
0.1588
0.0000
0.0000
0.6667
0.0000
0.6170
0.0000
0.0000
0.0000
0.0000
0.0000
0.0000
0.0000
0.7572
0.0000
0.6170
0.1170
0.0000
0.0000
0.0000
0.0000
0.7872
0.2872
0.5814
0.0000
0.2482
1.0000
0.6588
0.0000
0.4147
0.0000
0.7009
0.8298
